Fast Density Peaks clustering with kNN graph
infn:../ParCluster/dataset/varden/10000.txt neighbors:10 clusters:2 data type:vec
clusters=2 knng_algo=0 knng_endc:0.010000 start_nndes:0.100000 data_type=1
time[start]=0.000000s
Reading ascii dataset file ../ParCluster/dataset/varden/10000.txt
lines=10000
 52713.269531 58560.769531
num_vectors=10000 D=2
Fast random pair divisive (RP-Div) construction of kNN graph v. 0.1
K=10 W=25 delta=0.010000 maxIterations=100 nndes_start=0.100000 data type 1, distance type:0
iter=0 time: time=0.004981s
RP-div update_count=138569 changes=138.569000%
iter=1 time: time=0.009684s
RP-div update_count=39053 changes=39.052998%
iter=2 time: time=0.013431s
RP-div update_count=13610 changes=13.610000%
iter=3 time: time=0.016728s
RP-div update_count=5153 changes=5.153000%
start nndes: time=0.019868s
  Build old_knn, new_knn : time=0.020210s
  START Local join: time=0.023059s
  END Local join: time=0.053809s
NNDES k=10 update_count_nndes=5328 changes=5.328000%
iter=4 time: time=0.054243s
RP-div update_count=99 changes=0.099000%
start nndes: time=0.057295s
  Build old_knn, new_knn : time=0.057560s
  START Local join: time=0.060306s
  END Local join: time=0.065796s
NNDES k=10 update_count_nndes=90 changes=0.090000%
Reached end condition: changes=0.189000% < 1.000000%, time=0.066294s
time=0.066294s
time[graph]=0.066295s
i:0 density:22.487226
i:1 density:20.185883
i:2 density:20.196215
i:3 density:20.072320
i:4 density:24.857917
i:5 density:39.470852
i:6 density:59.491617
i:7 density:39.846332
i:8 density:43.073512
i:9 density:53.582316
i:0 density:0.044470
i:1 density:0.049540
i:2 density:0.049514
i:3 density:0.049820
i:4 density:0.040229
i:5 density:0.025335
i:6 density:0.016809
i:7 density:0.025096
i:8 density:0.023216
i:9 density:0.018663
time[density]=0.070066s
Found deltas for 9660/10000 points among 10 neighbors
delta_in_knn=9660 delta_in_rev_knn=0 found_delta_total=9660 delta_not_found=340
time[delta_knn]=0.070224s
time[delta_bf]=0.093319s
time[deltadens]=0.093321s
time=0.093372s
First 2 peaks:1210 1881 
time[total]=0.095005s
total_time=0.095005s neighborhood_peaks=340 num_iter=100
NPEAKS_LIST[340]: 1 18 21 52 85 88 116 131 171 184 242 258 283 291 296 332 342 356 380 418 419 420 437 449 454 481 512 546 562 568 586 591 600 607 681 703 717 777 827 829 838 843 846 915 928 945 1009 1014 1022 1114 1120 1136 1151 1160 1171 1178 1210 1242 1295 1313 1358 1361 1375 1395 1404 1414 1415 1431 1455 1480 1485 1513 1533 1535 1548 1576 1591 1616 1627 1653 1754 1762 1816 1823 1881 1882 1920 1924 1961 1980 2050 2063 2194 2204 2210 2235 2272 2300 2311 2390 2415 2430 2451 2454 2469 2476 2516 2530 2577 2581 2603 2613 2651 2728 2820 2874 2921 2970 2972 2978 3090 3094 3100 3107 3138 3160 3173 3198 3211 3273 3325 3374 3379 3460 3522 3621 3740 3746 3753 3761 3779 3837 3840 3851 3867 3878 3930 3990 4020 4050 4091 4132 4135 4163 4211 4305 4381 4470 4534 4550 4633 4760 4802 4820 4840 4874 4963 5000 5040 5049 5098 5115 5160 5205 5250 5303 5349 5373 5380 5404 5436 5458 5464 5465 5467 5470 5498 5509 5523 5563 5567 5590 5593 5594 5632 5667 5727 5757 5795 5812 5830 5912 5991 6007 6017 6022 6073 6095 6135 6136 6143 6147 6162 6257 6320 6444 6475 6480 6481 6591 6641 6749 6765 6824 6826 6884 6970 6972 7067 7099 7139 7163 7188 7217 7232 7233 7241 7253 7263 7277 7346 7347 7350 7399 7401 7402 7455 7473 7541 7561 7567 7620 7677 7684 7686 7689 7740 7808 7811 7812 7814 7852 7897 7901 7963 7964 8010 8082 8091 8094 8117 8149 8151 8161 8163 8167 8216 8240 8241 8265 8280 8283 8287 8305 8306 8432 8448 8450 8463 8487 8490 8551 8625 8650 8677 8687 8726 8780 8860 8877 8898 8920 8922 8925 8932 9005 9028 9035 9074 9090 9094 9140 9218 9271 9284 9290 9299 9303 9320 9330 9348 9369 9416 9430 9462 9466 9486 9501 9570 9693 9698 9719 9770 9776 9785 9811 9834 9866 9892 9955 
END
